$ANSIBLE_VAULT;1.1;AES256
65623965623539356339336332303933646262306266353465383530666339633331346337336262
3763336633326539323061316663303865373733306634360a616364646532383665366566303562
62353137333363616432373234366666383730383534346130633264323365323164393964346164
6266656164666136620a613036333434333933306535353530393834616330616232356361643734
63393931356238313138353666396337663930343633383439343861666164623566353530313664
35313632353632623437616237656232316130666665306335323063666563313165653530633539
36653337376430366232343437373234303032376239623736646438366534623636653231373063
32356133623436356563316135613932656530623065613464613233326135363531393864313630
66366430363137396233373738333062373939643939376632353338663237343761653636636461
65323663323839356662626533363761643035323230626638653664626635316330626234363931
36313534363963373265386131653436373166363038396130616466313838313637666537333131
33646235613035643232646561356336656364653465356663353134336638386563666138613033
36643831623165353464626264316532373832643662616466356466376130633966613733616462
38383834636333313661623964363836376336623538343039363764376161373762336562383162
33336239643435333534653634623735383437616438346166336137636232343235663062666461
62303834646538383930343362316439613339366166613164643866336335363734396137333466
65653839643563313932323035633432646430313037643961373735656330386661323234353839
37386564633862366663393539323432313266643332646338303461633263346337393563326330
65303666643061633365616639373332336134333539643563316234323739656130336330356564
63656635356364616331626435356438323238626639383831316461363131363464613037396232
61636233353238336261323863346431383235353738353738366462643036363233646631343836
64386166396230303933366530656164613064343137356637663438393061306464626263363366
33616435313266623465346538633335363433306561623065626237323832663363653164333137
33323431356532333230613261333135353664343162643065316661643234663031343030613239
37353335393037666265383534623139383234633631616163613232313436326463383662306465
31383834633839643539366135393433343962376233333734373536656164353334646365333562
30316436386363353565306664353761346438346266393663656139376530643564363739306262
34316565633163333531376134663461653339376162373536356263353432363134663462646565
39343734653436663630363531333466333364366361346437363539666165613839636531393237
38663032366130386639343436333735326538393136616563313464636663383562313437383930
38616138346332656630336236303962666136653263613031336539653264646238393462323064
32363932316230373631383138336661363765383265636238396638303932653639366261303262
66396635393366326539336132373035326264383562663233346237386630643432393862666337
6532636236376335653837653963376430626562666637306630
